1
1
1
1
(8 0
((0,0,0) (7,7,7) (0,0,0))
((8,0,0) (15,7,7) (0,0,0))
((0,8,0) (7,15,7) (0,0,0))
((8,8,0) (15,15,7) (0,0,0))
((0,0,8) (7,7,15) (0,0,0))
((8,0,8) (15,7,15) (0,0,0))
((0,8,8) (7,15,15) (0,0,0))
((8,8,8) (15,15,15) (0,0,0))
)
8
FabOnDisk: Cell_D_00000 0
FabOnDisk: Cell_D_00000 8089
FabOnDisk: Cell_D_00000 16178
FabOnDisk: Cell_D_00000 24267
FabOnDisk: Cell_D_00000 32356
FabOnDisk: Cell_D_00000 40445
FabOnDisk: Cell_D_00000 48534
FabOnDisk: Cell_D_00000 56623

8,1
0.0000000000000000e+00,
8.0000000000000000e+00,
8.0000000000000000e+02,
8.0800000000000000e+02,
8.0000000000000000e+04,
8.0008000000000000e+04,
8.0800000000000000e+04,
8.0808000000000000e+04,

8,1
7.0707000000000000e+04,
7.0715000000000000e+04,
7.1507000000000000e+04,
7.1515000000000000e+04,
1.5070700000000000e+05,
1.5071500000000000e+05,
1.5150700000000000e+05,
1.5151500000000000e+05,

